! Multipole moments for h2o_0.972_0.972_104.690
! Based on DF-type : ISA-GRID

  O0     0.00000000     0.00000000     0.00000000     Type    O      Rank   4
		Q00   = -0.817829 
		Q10   = -0.000000 
		Q11c  = -0.000000 
		Q11s  = -0.165285 
		Q20   = 0.385102 
		Q21c  = 0.000000 
		Q21s  = -0.000000 
		Q22c  = -0.239030 
		Q22s  = 0.000000 

  H1     0.00000000     1.12168654     1.45365093     Type    H      Rank   4
		Q00   = 0.408967 
		Q10   = 0.028857 
		Q11c  = -0.000000 
		Q11s  = -0.006885 
		Q20   = 0.030797 
		Q21c  = -0.000000 
		Q21s  = 0.009408 
		Q22c  = -0.021987 
		Q22s  = -0.000000 

  H2     0.00000000     1.12168654    -1.45365093     Type    H      Rank   4
		Q00   = 0.408967 
		Q10   = -0.028857 
		Q11c  = -0.000000 
		Q11s  = -0.006885 
		Q20   = 0.030797 
		Q21c  = 0.000000 
		Q21s  = -0.009408 
		Q22c  = -0.021987 
		Q22s  = -0.000000 

