! Multipole moments for h2o
! Based on DF-type : ISA

  O0     0.00000000     0.00000000     0.00000000     Type  OH2      Rank   4
		Q00   = -0.824768 
		Q10   = 0.164548 
		Q11c  = -0.000000 
		Q11s  = -0.000000 
		Q20   = 0.003122 
		Q21c  = -0.000000 
		Q21s  = 0.000000 
		Q22c  = -0.509003 
		Q22s  = 0.000000 

  H1     0.00000000     1.43090100    -1.10832400     Type  H2O      Rank   4
		Q00   = 0.412384 
		Q10   = 0.015330 
		Q11c  = -0.000000 
		Q11s  = 0.011691 
		Q20   = 0.007533 
		Q21c  = -0.000000 
		Q21s  = -0.005192 
		Q22c  = -0.026364 
		Q22s  = -0.000000 

  H2     0.00000000    -1.43090100    -1.10832400     Type  H2O      Rank   4
		Q00   = 0.412384 
		Q10   = 0.015330 
		Q11c  = 0.000000 
		Q11s  = -0.011691 
		Q20   = 0.007533 
		Q21c  = -0.000000 
		Q21s  = 0.005192 
		Q22c  = -0.026364 
		Q22s  = -0.000000 

