! Multipole moments for chloromethane
! Based on DF-type : ISA-GRID

  C0     0.00000000     0.00000000    -3.36560200     Type   CX      Rank   4
		Q00   = -0.134079 
		Q10   = 0.150297 
		Q11c  = -0.000015 
		Q11s  = 0.000000 
		Q20   = 0.098404 
		Q21c  = -0.000023 
		Q21s  = -0.000000 
		Q22c  = 0.000221 
		Q22s  = -0.000000 
		Q30   = -0.650102 
		Q31c  = -0.000206 
		Q31s  = 0.000000 
		Q32c  = 0.000307 
		Q32s  = 0.000000 
		Q33c  = 0.164601 
		Q33s  = 0.000000 
		Q40   = 3.225761 
		Q41c  = 0.001001 
		Q41s  = -0.000000 
		Q42c  = 0.001230 
		Q42s  = -0.000000 
		Q43c  = -2.138122 
		Q43s  = 0.000000 
		Q44c  = 0.000763 
		Q44s  = -0.000000 

 Cl1     0.00000000     0.00000000     0.00000000     Type   Cl      Rank   4
		Q00   = -0.209208 
		Q10   = 0.039134 
		Q11c  = 0.000038 
		Q11s  = 0.000000 
		Q20   = 0.836844 
		Q21c  = -0.000155 
		Q21s  = -0.000000 
		Q22c  = -0.000138 
		Q22s  = -0.000000 
		Q30   = 2.921949 
		Q31c  = 0.000429 
		Q31s  = 0.000000 
		Q32c  = 0.000386 
		Q32s  = 0.000000 
		Q33c  = 0.845771 
		Q33s  = 0.000000 
		Q40   = -0.808063 
		Q41c  = 0.000115 
		Q41s  = -0.000000 
		Q42c  = -0.000773 
		Q42s  = 0.000000 
		Q43c  = -3.663850 
		Q43s  = -0.000000 
		Q44c  = -0.000004 
		Q44s  = -0.000000 

  H2     1.96985100     0.00000000    -4.10278400     Type   HT      Rank   4
		Q00   = 0.114484 
		Q10   = -0.004797 
		Q11c  = 0.048242 
		Q11s  = 0.000000 
		Q20   = -0.004312 
		Q21c  = 0.004609 
		Q21s  = -0.000000 
		Q22c  = 0.034050 
		Q22s  = -0.000000 
		Q30   = -0.005374 
		Q31c  = -0.097924 
		Q31s  = -0.000000 
		Q32c  = -0.064764 
		Q32s  = 0.000000 
		Q33c  = 0.029536 
		Q33s  = -0.000000 
		Q40   = 0.299646 
		Q41c  = 0.412796 
		Q41s  = 0.000000 
		Q42c  = -0.117560 
		Q42s  = -0.000000 
		Q43c  = -0.169961 
		Q43s  = 0.000000 
		Q44c  = 0.056172 
		Q44s  = 0.000000 

  H3    -0.98492500     1.70585600    -4.10278400     Type   HT      Rank   4
		Q00   = 0.114495 
		Q10   = -0.004792 
		Q11c  = -0.024127 
		Q11s  = 0.041781 
		Q20   = -0.004321 
		Q21c  = -0.002316 
		Q21s  = 0.003966 
		Q22c  = -0.017021 
		Q22s  = -0.029498 
		Q30   = -0.005414 
		Q31c  = 0.048966 
		Q31s  = -0.084846 
		Q32c  = 0.032392 
		Q32s  = 0.056128 
		Q33c  = 0.029551 
		Q33s  = -0.000025 
		Q40   = 0.299799 
		Q41c  = -0.206522 
		Q41s  = 0.357624 
		Q42c  = 0.058805 
		Q42s  = 0.101871 
		Q43c  = -0.169968 
		Q43s  = 0.000027 
		Q44c  = -0.028113 
		Q44s  = 0.048583 

  H4    -0.98492500    -1.70585600    -4.10278400     Type   HT      Rank   4
		Q00   = 0.114495 
		Q10   = -0.004792 
		Q11c  = -0.024127 
		Q11s  = -0.041781 
		Q20   = -0.004321 
		Q21c  = -0.002316 
		Q21s  = -0.003966 
		Q22c  = -0.017021 
		Q22s  = 0.029498 
		Q30   = -0.005414 
		Q31c  = 0.048966 
		Q31s  = 0.084846 
		Q32c  = 0.032392 
		Q32s  = -0.056128 
		Q33c  = 0.029551 
		Q33s  = 0.000025 
		Q40   = 0.299799 
		Q41c  = -0.206522 
		Q41s  = -0.357624 
		Q42c  = 0.058805 
		Q42s  = -0.101871 
		Q43c  = -0.169968 
		Q43s  = -0.000027 
		Q44c  = -0.028113 
		Q44s  = -0.048583 

